0 160116 200124 item 23 | place 23
0 160122 180611 item 19 | place 19
0 160125 161116 item 44 | place 44
0 160129 200411 item 05 | place 05
0 160315 180303 item 15 | place 15
0 160410 180126 item 34 | place 34
0 160517 201201 item 29 | place 29
0 160620 180415 item 14 | place 14
0 160625 170703 item 36 | place 36
0 161007 190621 item 22 | place 22
0 161018 201218 item 08 | place 08
0 161205 170512 item 46 | place 46
0 170107 180824 item 38 | place 38
0 170826 191120 item 16 | place 16
0 180225 180625 item 25 | place 25
0 180303 191121 item 02 | place 02
0 180417 191016 item 30 | place 30
0 180605 200705 item 27 | place 27
0 190121 190413 item 28 | place 28
0 190130 191102 item 49 | place 49
0 190415 201118 item 24 | place 24
0 190419 190513 item 09 | place 09
0 190610 190708 item 43 | place 43
0 200328 200910 item 00 | place 00
1 160129 200317 item 26 | place 26
1 160423 171012 item 07 | place 07
1 160524 180629 item 06 | place 06
1 160529 180921 item 32 | place 32
1 160611 201219 item 31 | place 31
1 160620 201219 item 03 | place 03
1 160813 180406 item 11 | place 11
1 160915 170505 item 39 | place 39
1 161004 170530 item 45 | place 45
1 161012 191129 item 01 | place 01
1 161118 180626 item 35 | place 35
1 170205 171208 item 41 | place 41
1 170312 170715 item 17 | place 17
1 170319 200410 item 33 | place 33
1 170322 190124 item 42 | place 42
1 170428 180503 item 10 | place 10
1 170517 191102 item 20 | place 20
1 170607 180312 item 04 | place 04
1 180111 200915 item 40 | place 40
1 180123 180129 item 21 | place 21
1 180618 191216 item 12 | place 12
1 180626 190319 item 47 | place 47
1 180915 190604 item 13 | place 13
1 190313 200230 item 37 | place 37
1 190614 201020 item 48 | place 48
1 191010 201219 item 18 | place 18
