0 160211 201229 item 16
0 160220 180220 item 29
0 160326 160908 item 21
0 160809 200415 item 47
0 160820 180101 item 19
0 160915 190601 item 20
0 170330 200218 item 25
0 170609 190502 item 45
0 170804 170814 item 42
0 171004 180610 item 10
0 171030 180226 item 23
0 171211 191223 item 48
0 180229 181009 item 33
0 180727 200613 item 18
0 181111 190527 item 44
0 181129 200425 item 12
0 190717 201006 item 26
0 200112 200229 item 37
0 200118 200425 item 13
1 160129 190111 item 08
1 160423 200807 item 02
1 160608 190128 item 17
1 160705 200214 item 41
1 160715 170620 item 22
1 160717 180714 item 32
1 160730 200926 item 07
1 160809 181003 item 14
1 160828 171123 item 03
1 161015 171127 item 30
1 161019 191002 item 39
1 161023 170210 item 31
1 161124 180206 item 38
1 170120 200711 item 15
1 170528 200516 item 24
1 170619 200807 item 35
1 170627 190216 item 00
1 170914 191019 item 01
1 171025 190610 item 05
1 171128 200229 item 34
1 171210 200911 item 28
1 180125 190814 item 06
1 180220 190802 item 49
1 180605 181006 item 46
1 180902 201005 item 50
1 180902 201226 item 09
1 180910 181030 item 36
1 180923 181012 item 40
1 181207 200808 item 11
1 190703 200606 item 43
1 191112 191217 item 27
1 200419 201004 item 04
